1 1.3969838619e-09
2 7.8201293945e-09
3 1.4531612396e-08
4 1.7321109772e-08
5 2.0492076874e-08
6 2.6464462280e-08
7 5.2165985107e-08
8 1.0137557983e-07
9 1.9969940186e-07
10 4.7073364258e-07
11 8.9340209961e-07
12 1.8600463867e-06
13 4.2449951172e-06
14 9.8205566406e-06
15 2.1362304687e-05
16 4.8828125000e-05
17 1.1591796875e-04
18 2.6855468750e-04
19 6.0429687500e-04
20 1.9281250000e-03
21 4.5406250000e-03
22 1.1231250000e-02
23 2.3237500000e-02
24 4.8050000000e-02
25 1.0780000000e-01
26 2.1880000000e-01
27 4.5000000000e-01
