1 1.4200806618e-09
2 5.8203935623e-09
3 1.4901161194e-08
4 1.7511844635e-08
5 2.0682811737e-08
6 2.6440620422e-08
7 5.2928924561e-08
8 1.4009475708e-07
9 3.4275054932e-07
10 6.5574645996e-07
11 1.4068603516e-06
12 2.9800415039e-06
13 6.2927246094e-06
14 2.0019531250e-05
15 4.3481445312e-05
16 9.7656250000e-05
17 2.8378906250e-04
18 7.3242187500e-04
19 1.5257812500e-03
20 5.5156250000e-03
21 1.3675000000e-02
22 3.0850000000e-02
23 6.6400000000e-02
24 1.4220000000e-01
25 2.9530000000e-01
26 6.2960000000e-01
27 1.2938000000e+00
