1 1.4200806618e-09
2 8.1956386566e-09
3 1.6200542450e-08
4 3.5381317139e-08
5 8.1205368042e-08
6 1.7585754395e-07
7 4.7111511230e-07
8 1.2756347656e-06
9 2.6229858398e-06
10 5.3405761719e-06
11 1.0870361328e-05
12 2.2131347656e-05
13 4.4628906250e-05
14 9.3066406250e-05
15 1.9687500000e-04
16 4.0273437500e-04
17 8.9140625000e-04
18 1.9296875000e-03
19 5.1750000000e-03
20 1.1425000000e-02
21 2.3437500000e-02
22 4.6875000000e-02
23 9.8400000000e-02
24 2.0470000000e-01
25 4.1880000000e-01
26 8.6100000000e-01
27 1.7922000000e+00
