1 9.6070766449e-10
2 3.8109868765e-09
3 1.0172849894e-08
4 1.1648499966e-08
5 1.4015483856e-08
6 1.7888033390e-08
7 3.7061309814e-08
8 6.7521095276e-08
9 1.3682336807e-07
10 3.1208152771e-07
11 6.2759361267e-07
12 1.2840728760e-06
13 2.8670135498e-06
14 6.7246704102e-06
15 1.4729748535e-05
16 3.6050195313e-05
17 8.0883886719e-05
18 1.7369453125e-04
19 3.9447148437e-04
20 8.0001093750e-04
21 1.9258328125e-03
22 7.0432312500e-03
23 1.6728362500e-02
24 3.6544325000e-02
25 8.3727600000e-02
26 1.7112810000e-01
27 3.4955900000e-01
28 7.7684590000e-01
29 1.5668006000e+00
30 3.1847050000e+00
