1 2.3816242814e-09
2 3.8104504347e-09
3 1.0421615839e-08
4 1.1666738987e-08
5 1.4127492905e-08
6 1.8015027046e-08
7 3.5656213760e-08
8 6.9611835480e-08
9 1.4603309631e-07
10 3.4016380310e-07
11 6.7604942322e-07
12 1.4007232666e-06
13 3.1326873779e-06
14 6.8174377441e-06
15 1.5470056152e-05
16 3.4265600586e-05
17 7.3325585937e-05
18 1.6073417969e-04
19 3.5014394531e-04
20 7.4570507813e-04
21 1.6782843750e-03
22 4.4002812500e-03
23 1.0127387500e-02
24 2.2162687500e-02
25 5.1732350000e-02
26 1.1119420000e-01
27 2.2930870000e-01
28 5.1697550000e-01
29 1.0933798000e+00
30 2.2464329000e+00
