1 2.3816600442e-09
2 3.8106650114e-09
3 1.0190975666e-08
4 1.1634343863e-08
5 1.3949954510e-08
6 1.7749559879e-08
7 3.4880423546e-08
8 6.7527914047e-08
9 1.3897752762e-07
10 3.1189956665e-07
11 6.2803649902e-07
12 1.2850158691e-06
13 2.8513809204e-06
14 6.0868865967e-06
15 1.3609472656e-05
16 2.9928686523e-05
17 6.5605664062e-05
18 1.4232490234e-04
19 3.0672851562e-04
20 6.7271328125e-04
21 1.4810773438e-03
22 4.0330968750e-03
23 9.1787562500e-03
24 1.9922350000e-02
25 4.7587225000e-02
26 9.9739050000e-02
27 2.0974430000e-01
28 4.7942900000e-01
29 9.9137750000e-01
30 2.0584570000e+00
